DISTRICT,DPETBILC,DPETBILP,DPETGIFC,DPETGIFP,DPETSPEC,DPETSPEP,DPETVOCC,DPETVOCP
"001902",1,0.2,57,9.9,83,14.4,160,27.8
"001903",17,1.4,41,3.3,129,10.5,397,32.2
"001904",19,2.2,72,8.3,88,10.1,222,25.5
"001906",5,1.4,27,7.5,35,9.7,155,43.1
"001907",526,15.4,92,2.7,315,9.2,1168,34.2
"001908",91,5.8,34,2.2,169,10.8,410,26.3
"001909",5,1.2,18,4.3,53,12.5,154,36.4
"002901",527,13,214,5.3,291,7.2,911,22.4
"003801",55,5.4,100,9.8,82,8,102,10
"003902",189,6.5,166,5.7,243,8.4,926,32.1
"003903",1885,23.7,907,11.4,828,10.4,1892,23.8
"003904",16,0.9,75,4.4,152,8.8,573,33.4
"003905",299,15.9,68,3.6,181,9.6,464,24.6
"003906",0,0,10,2.7,47,12.8,130,35.3
"003907",57,3.7,71,4.7,188,12.4,526,34.6
"004901",115,4.5,122,4.8,229,9,575,22.6
"005901",8,1.7,34,7.2,63,13.3,140,29.6
"005902",3,0.3,53,5.3,86,8.5,265,26.3
"005904",25,5.8,38,8.9,38,8.9,158,36.9
"006902",7,1.9,11,3,38,10.2,105,28.2
"007901",27,5.5,23,4.7,57,11.6,145,29.5
"007902",36,2.2,65,4,148,9.1,466,28.8
"007904",177,10.5,53,3.1,128,7.6,556,32.9
"007905",107,3,153,4.3,319,8.9,952,26.7
"007906",85,4.9,86,5,140,8.1,603,34.8
"008901",203,9,235,10.4,214,9.5,797,35.4
"008902",384,13.7,134,4.8,250,8.9,803,28.6
"008903",120,14.9,25,3.1,91,11.3,229,28.4
"009901",279,19.4,24,1.7,193,13.4,402,27.9
"010901",4,1.2,24,7.5,27,8.4,109,33.9
"010902",95,4.2,109,4.8,261,11.5,762,33.5
"011901",2691,24.8,715,6.6,1158,10.7,2617,24.1
"011902",1348,31.3,350,8.1,417,9.7,1389,32.2
"011904",124,7,135,7.6,178,10,437,24.5
"011905",59,18.2,25,7.7,32,9.9,47,14.5
"012901",3,0.5,16,2.8,65,11.3,162,28.1
"013801",5,1.1,24,5.3,32,7,0,0
"013901",58,1.8,128,3.9,334,10.1,865,26.3
"013902",5,1.7,5,1.7,17,5.7,0,0
"013903",3,0.7,14,3.3,47,11,199,46.4
"013905",13,1.6,57,6.8,89,10.7,284,34.1
"014801",105,4.7,0,0,240,10.8,1200,54
"014803",32,3.3,0,0,108,11.3,201,20.9
"014804",12,0.7,0,0,150,9,0,0
"014901",67,4.3,122,7.9,122,7.9,397,25.5
"014902",41,12,1,0.3,30,8.8,96,28.1
"014903",748,6.5,977,8.5,1343,11.7,2606,22.7
"014905",12,1.8,38,5.7,45,6.7,256,38.3
"014906",4122,9.3,1357,3.1,5173,11.7,8098,18.3
"014907",41,4.6,76,8.5,68,7.6,273,30.6
"014908",97,5.2,119,6.4,106,5.7,455,24.4
"014909",986,11.5,571,6.6,949,11,2117,24.6
"014910",48,3.1,100,6.5,194,12.7,345,22.6
"015801",0,0,0,0,32,11.9,249,92.6
"015802",271,20,0,0,86,6.3,236,17.4
"015805",63,8.9,0,0,46,6.5,7,1
"015806",133,19.9,0,0,47,7,202,30.3
"015807",77,8.8,40,4.6,95,10.8,338,38.5
"015808",8,0.9,0,0,183,21.1,39,4.5
"015809",93,24.9,1,0.3,39,10.4,0,0
"015814",8,6.4,0,0,8,6.4,15,12
"015815",152,29.9,0,0,42,8.3,252,49.6
"015822",978,17.3,427,7.6,372,6.6,209,3.7
"015825",65,21.5,21,7,22,7.3,0,0
"015826",1646,50.6,0,0,270,8.3,0,0
"015827",184,11.6,149,9.4,107,6.8,336,21.2
"015828",1121,25.9,419,9.7,278,6.4,1007,23.3
"015830",195,6.7,195,6.7,165,5.7,919,31.7
"015831",153,9.1,140,8.4,126,7.5,243,14.5
"015833",1,0.7,0,0,11,8,116,84.7
"015834",150,6.1,0,0,40,1.6,0,0
"015835",115,4.2,0,0,140,5.1,0,0
"015836",14,4.4,0,0,15,4.7,0,0
"015837",0,0,0,0,25,11.1,0,0
"015838",10,11.1,0,0,10,11.1,0,0
"015901",381,8,945,19.7,378,7.9,585,12.2
"015904",2987,20.8,895,6.2,1336,9.3,5097,35.5
"015905",2008,19.3,537,5.2,1040,10,2569,24.7
"015906",5,0.3,154,10.6,110,7.6,305,21
"015907",8882,17.5,3126,6.2,5195,10.3,12046,23.8
"015908",1409,15.5,612,6.7,836,9.2,2390,26.3
"015909",569,13.7,212,5.1,379,9.1,1330,31.9
"015910",9442,14.3,4458,6.8,6335,9.6,14668,22.3
"015911",1565,15.3,564,5.5,1080,10.6,2516,24.7
"015912",2193,15.8,1297,9.4,1607,11.6,3206,23.2
"015913",19,1.8,81,7.7,112,10.7,188,17.9
"015914",27,1.7,115,7.2,199,12.4,315,19.6
"015915",8416,7.9,8467,8,12300,11.6,24876,23.4
"015916",2018,8.7,1613,7,2448,10.6,6540,28.3
"015917",1021,18.1,466,8.2,598,10.6,1799,31.8
"016901",40,6.1,18,2.7,60,9.1,217,33
"016902",78,7.6,79,7.7,106,10.3,301,29.3
"017901",2,0.9,8,3.4,20,8.6,100,42.9
"018901",76,7.6,52,5.2,116,11.5,305,30.3
"018902",24,5.1,11,2.3,59,12.5,164,34.7
"018903",7,5.3,1,0.8,24,18,44,33.1
"018904",38,5.9,27,4.2,80,12.5,214,33.3
"018905",33,18.6,16,9,26,14.7,55,31.1
"018906",1,0.7,1,0.7,17,12.1,75,53.6
"018907",2,0.9,6,2.6,24,10.3,58,25
"018908",12,8.7,0,0,15,10.9,66,47.8
"019901",32,3.9,59,7.1,81,9.8,223,26.9
"019902",32,3.4,84,8.9,101,10.7,357,37.9
"019903",0,0,20,4.1,52,10.7,127,26
"019905",32,2.4,99,7.4,207,15.5,375,28
"019906",9,0.8,107,9.7,112,10.1,319,28.9
"019907",493,6.9,393,5.5,645,9,1729,24.2
"019908",51,2,76,3,314,12.5,709,28.3
"019909",2,0.4,22,4.4,78,15.6,186,37.3
"019910",0,0,8,4.3,9,4.8,0,0
"019911",0,0,52,10.2,21,4.1,0,0
"019912",69,3.2,322,15.2,231,10.9,649,30.5
"019913",14,15.1,1,1.1,11,11.8,0,0
"019914",0,0,3,2.9,14,13.6,0,0
"020901",4125,16.7,1768,7.1,2445,9.9,6029,24.4
"020902",1194,17.5,298,4.4,673,9.9,1547,22.7
"020904",30,3.9,55,7.2,50,6.6,293,38.5
"020905",1516,12.3,1056,8.6,989,8,3922,31.8
"020906",59,3,90,4.6,151,7.7,788,40.2
"020907",148,4.7,124,4,280,8.9,819,26.2
"020908",2051,9.5,1949,9,1915,8.9,5294,24.6
"020910",34,16.3,14,6.7,34,16.3,41,19.6
"021803",92,23.4,0,0,25,6.3,0,0
"021805",75,12.1,5,0.8,40,6.4,0,0
"021901",1559,11.5,1689,12.5,1220,9,3273,24.2
"021902",3936,24.4,1968,12.2,1536,9.5,3869,23.9
"022004",51,44.3,7,6.1,11,9.6,26,22.6
"022901",82,7.6,69,6.4,81,7.5,272,25.2
"022902",0,0,5,7.9,4,6.3,28,44.4
"022903",0,0,1,8.3,0,0,0,0
"023902",8,3.9,15,7.2,17,8.2,63,30.4
"024901",37,2.3,51,3.2,162,10.3,431,27.3
"025901",12,1.3,45,4.7,91,9.5,333,34.7
"025902",113,3.1,247,6.7,343,9.3,1210,32.8
"025904",2,1.1,7,3.8,27,14.8,70,38.3
"025905",9,3,21,7.1,28,9.5,102,34.5
"025906",0,0,14,6.5,19,8.8,94,43.3
"025908",0,0,2,1.6,10,8.1,39,31.5
"025909",12,1,85,7.2,91,7.7,336,28.3
"026901",185,10.3,89,4.9,134,7.4,500,27.8
"026902",33,6.6,18,3.6,52,10.4,124,24.8
"026903",33,6.6,39,7.8,55,11,139,27.9
"027903",241,7.5,85,2.7,396,12.4,863,27
"027904",689,16.3,283,6.7,496,11.7,1211,28.7
"028902",1230,20.8,302,5.1,672,11.4,1768,30
"028903",193,13.5,47,3.3,129,9,370,25.9
"028906",14,7,20,10.1,18,9,50,25.1
"029901",425,10.9,287,7.4,330,8.5,1368,35.1
"030901",7,1.9,25,6.8,40,10.9,127,34.5
"030902",7,0.5,73,5.1,167,11.7,450,31.4
"030903",0,0,9,3,41,13.4,110,36.1
"030906",0,0,19,4.6,62,15,123,29.7
"031901",14526,31.9,5719,12.6,5091,11.2,14671,32.2
"031903",2846,15.5,1249,6.8,1797,9.8,5454,29.7
"031905",488,14.3,173,5.1,325,9.5,1001,29.4
"031906",1977,18.4,764,7.1,1034,9.6,3534,32.8
"031909",828,34.2,137,5.7,211,8.7,710,29.3
"031911",185,9.5,91,4.7,172,8.8,718,36.9
"031912",2063,19.7,307,2.9,902,8.6,2925,28
"031913",243,35.5,154,22.5,45,6.6,317,46.3
"031914",157,14.2,33,3,117,10.6,450,40.8
"031916",107,2.5,685,16.1,104,2.4,3653,86.1
"032902",419,17.9,88,3.8,214,9.2,708,30.3
"033901",2,1.3,8,5.1,22,13.9,47,29.7
"033902",6,0.8,43,5.9,86,11.9,229,31.6
"033904",4,1.1,19,5.2,33,9,102,27.9
"034901",39,2.3,154,9.1,189,11.2,466,27.7
"034902",4,3.2,4,3.2,12,9.5,41,32.5
"034903",41,3.2,39,3.1,108,8.5,375,29.5
"034905",25,3.6,61,8.8,73,10.5,238,34.2
"034906",0,0,26,6.9,40,10.6,124,32.8
"034907",0,0,87,8.4,110,10.6,286,27.6
"034909",5,1.8,2,0.7,23,8.3,100,36.1
"035901",222,18,54,4.4,89,7.2,316,25.7
"035902",26,11.2,9,3.9,14,6,60,25.9
"035903",2,0.8,4,1.6,16,6.4,94,37.6
"036901",90,6.7,95,7.1,119,8.9,374,28
"036902",148,2.8,346,6.4,371,6.9,1272,23.6
"036903",334,22,87,5.7,138,9.1,415,27.4
"037901",119,17.8,32,4.8,82,12.2,190,28.4
"037904",1417,28.4,251,5,436,8.7,1332,26.7
"037907",121,5.7,111,5.3,240,11.4,650,30.8
"037908",188,34.6,5,0.9,32,5.9,140,25.7
"037909",10,3.5,14,4.9,40,14,93,32.5
"038901",39,3.5,70,6.3,118,10.6,290,26.1
"039902",6,0.6,59,6.2,100,10.5,358,37.5
"039903",4,0.8,17,3.3,52,10.1,169,32.8
"039904",0,0,2,1.6,8,6.4,41,32.8
"039905",0,0,2,1.5,22,16.1,55,40.1
"040901",73,18.8,25,6.4,37,9.5,104,26.7
"040902",20,6.2,7,2.2,36,11.1,108,33.3
"041901",4,1.6,19,7.7,24,9.7,104,41.9
"041902",4,1.4,5,1.8,34,12,81,28.6
"042901",21,2.4,32,3.6,91,10.3,227,25.7
"042903",0,0,23,8.8,18,6.9,100,38.2
"042905",2,1.1,1,0.6,19,10.9,79,45.4
"043801",99,7.4,0,0,66,4.9,0,0
"043802",17,15.3,0,0,7,6.3,0,0
"043901",1328,6.3,2900,13.8,2175,10.3,6221,29.5
"043902",400,11.6,155,4.5,375,10.9,1144,33.2
"043903",158,6.1,160,6.2,217,8.4,718,27.9
"043904",183,11.2,82,5,184,11.3,557,34.2
"043905",3272,5.6,7188,12.3,5348,9.2,11599,19.9
"043907",2743,11.1,2144,8.6,2695,10.9,6419,25.9
"043908",93,3.3,217,7.8,273,9.8,749,26.9
"043910",7582,14.1,10289,19.1,5918,11,11331,21.1
"043911",536,12.3,188,4.3,467,10.7,1046,23.9
"043912",430,3.6,1235,10.2,890,7.4,3507,29
"043914",1666,10.6,1752,11.1,1588,10.1,3587,22.8
"043917",73,8.8,53,6.4,89,10.8,219,26.5
"043918",420,18.6,184,8.2,207,9.2,610,27
"043919",48,1.1,856,20.4,321,7.6,1389,33.1
"044902",53,9,18,3.1,51,8.7,135,23
"045902",196,12.8,45,2.9,194,12.7,424,27.7
"045903",119,8.8,53,3.9,136,10,341,25.1
"045905",127,19.1,30,4.5,66,9.9,200,30
"046802",131,26,0,0,151,30,39,7.8
"046901",724,8.1,670,7.5,728,8.2,2078,23.3
"046902",1645,7.1,2702,11.7,2413,10.5,6421,27.9
"047901",183,13.8,66,5,138,10.4,343,25.9
"047902",39,5.4,35,4.8,66,9.1,237,32.7
"047903",48,34,0,0,20,14.2,62,44
"047905",0,0,13,10.2,20,15.6,50,39.1
"048901",10,4.5,5,2.3,29,13.1,68,30.6
"048903",8,3.1,11,4.3,30,11.7,108,42.2
"049901",680,22.2,149,4.9,243,7.9,870,28.4
"049902",4,0.8,18,3.6,63,12.8,198,40.1
"049903",89,11,43,5.3,95,11.8,270,33.4
"049905",23,2,58,5,102,8.8,322,27.9
"049906",7,1.5,27,5.7,41,8.6,146,30.7
"049907",1,0.2,29,5.9,26,5.3,201,40.6
"049908",0,0,0,0,1,1.3,0,0
"049909",0,0,0,0,9,13,0,0
"050901",17,7,6,2.5,26,10.7,89,36.6
"050902",106,3.8,227,8.1,313,11.2,974,35
"050904",11,6.2,2,1.1,15,8.4,80,44.9
"050909",2,0.6,4,1.2,35,10.9,103,32.1
"050910",347,4.3,523,6.4,836,10.3,2414,29.6
"051901",4,1.9,13,6.2,34,16.1,88,41.7
"052901",215,18.6,70,6.1,88,7.6,357,30.9
"053001",105,13.9,52,6.9,63,8.3,188,24.9
"054901",3,0.8,22,6,38,10.4,105,28.8
"054902",25,9.7,9,3.5,38,14.7,111,42.9
"054903",7,1.3,13,2.5,64,12.2,123,23.4
"055901",26,6.7,21,5.4,22,5.6,131,33.6
"056901",260,14.8,31,1.8,144,8.2,456,25.9
"056902",32,18,8,4.5,15,8.4,58,32.6
"057802",168,25.7,0,0,61,9.3,0,0
"057803",5596,32.4,0,0,1208,7,4331,25
"057804",959,16.5,0,0,429,7.4,891,15.3
"057805",115,36.7,0,0,36,11.5,0,0
"057806",375,22.5,49,2.9,74,4.4,299,17.9
"057807",500,8.8,237,4.2,489,8.6,1426,25.2
"057808",591,27.4,188,8.7,46,2.1,80,3.7
"057809",61,33.5,0,0,2,1.1,0,0
"057810",67,15.5,0,0,41,9.5,0,0
"057813",1894,60.1,0,0,238,7.6,0,0
"057814",107,20.5,0,0,126,24.2,52,10
"057816",24,1.1,0,0,90,4.2,0,0
"057819",111,56.6,0,0,16,8.2,16,8.2
"057827",168,30.9,0,0,30,5.5,190,35
"057828",118,9.1,0,0,130,10,1226,94.7
"057829",639,47.4,37,2.7,110,8.2,384,28.5
"057830",526,39.8,5,0.4,106,8,425,32.1
"057831",0,0,10,1.3,39,5.2,225,29.9
"057833",34,6.3,20,3.7,46,8.5,0,0
"057834",51,6.3,0,0,89,11,617,76.3
"057835",857,59.5,0,0,75,5.2,61,4.2
"057836",0,0,22,6.6,21,6.3,0,0
"057837",535,22.9,0,0,145,6.2,0,0
"057839",659,60.6,2,0.2,95,8.7,0,0
"057840",0,0,0,0,2,0.3,421,72.5
"057841",338,45.7,0,0,41,5.5,0,0
"057844",250,28.5,0,0,67,7.6,18,2.1
"057845",27,3.4,0,0,34,4.3,102,12.9
"057846",476,34.2,66,4.7,105,7.5,392,28.1
"057847",16,1.7,0,0,43,4.7,221,24
"057848",4257,26.4,819,5.1,774,4.8,1801,11.2
"057849",22,6.9,11,3.5,24,7.5,0,0
"057850",58,20.1,54,18.7,19,6.6,31,10.7
"057903",7692,30.5,1906,7.6,2802,11.1,5549,22
"057904",574,7.3,389,4.9,674,8.6,2156,27.4
"057905",65770,42,21826,13.9,12795,8.2,36631,23.4
"057906",626,6.5,733,7.6,910,9.4,2919,30.2
"057907",2208,17.2,690,5.4,1073,8.3,5564,43.3
"057909",15676,27.8,4317,7.6,4697,8.3,16006,28.3
"057910",9093,31.1,1828,6.2,2412,8.2,8383,28.6
"057911",54,0.8,906,13,624,9,1020,14.6
"057912",14010,41.3,4277,12.6,2610,7.7,10093,29.8
"057913",550,7.5,619,8.4,593,8.1,2498,33.9
"057914",9773,23.9,2055,5,4085,10,11776,28.8
"057916",9985,25.5,3878,9.9,4247,10.8,10265,26.2
"057919",74,4.1,185,10.2,156,8.6,512,28.3
"057922",1705,13.6,2075,16.5,749,6,2851,22.7
"058902",8,6.2,10,7.8,12,9.3,49,38
"058905",12,4.9,27,11,9,3.7,76,30.9
"058906",98,5.1,122,6.4,175,9.1,629,32.8
"058909",25,10.2,18,7.4,21,8.6,77,31.6
"059901",685,16.4,121,2.9,340,8.1,1273,30.5
"059902",10,8,4,3.2,17,13.6,0,0
"060902",19,2.3,89,10.8,78,9.5,273,33.3
"060914",4,2.3,5,2.9,28,16.1,59,33.9
"061802",127,25,0,0,60,11.8,0,0
"061804",58,5.3,95,8.6,73,6.6,217,19.7
"061805",16,3.1,69,13.2,42,8,0,0
"061901",4175,14.3,3131,10.7,3124,10.7,8690,29.8
"061902",9372,17.9,5836,11.1,5765,11,9733,18.6
"061903",333,23.8,92,6.6,122,8.7,423,30.2
"061905",261,12.3,105,5,245,11.6,727,34.4
"061906",132,9.4,118,8.4,106,7.5,409,29
"061907",92,3.7,158,6.3,216,8.7,724,29.1
"061908",210,7.7,124,4.6,297,10.9,782,28.8
"061910",70,2.6,272,10.1,243,9,498,18.5
"061911",1201,5.2,2263,9.8,2112,9.2,4750,20.6
"061912",356,9,322,8.1,465,11.8,1155,29.2
"061914",1585,21.1,425,5.7,562,7.5,2103,28
"062901",78,3.8,89,4.4,226,11.1,819,40.1
"062902",0,0,6,3.8,13,8.3,50,31.8
"062903",262,16.3,53,3.3,241,15,397,24.7
"062904",6,1.1,26,4.9,61,11.4,213,40
"062905",3,3.8,6,7.7,4,5.1,0,0
"062906",0,0,8,6.7,6,5,8,6.7
"063903",3,1.2,23,8.9,30,11.6,92,35.5
"063906",0,0,13,13.5,13,13.5,39,40.6
"064903",96,4.4,153,6.9,153,6.9,703,31.9
"065901",0,0,40,8.5,43,9.1,139,29.6
"065902",2,1.9,1,1,8,7.8,57,55.3
"066005",21,63.6,0,0,4,12.1,0,0
"066901",13,3.8,19,5.6,40,11.8,114,33.6
"066902",21,1.4,102,7,122,8.4,319,21.9
"066903",36,4.5,53,6.6,121,15,214,26.5
"067902",11,1.3,34,4,92,10.8,238,27.8
"067903",64,5.4,63,5.3,122,10.3,361,30.5
"067904",16,5.2,12,3.9,44,14.4,93,30.5
"067907",6,1.8,23,6.8,49,14.5,95,28
"067908",8,5.2,2,1.3,8,5.2,58,37.7
"068802",3,0.3,14,1.4,66,6.4,0,0
"068803",13,2,65,9.9,31,4.7,253,38.7
"068901",5505,17.1,3196,9.9,2707,8.4,6890,21.4
"069901",18,5.8,11,3.5,34,10.9,83,26.7
"069902",4,1.5,5,1.8,25,9.1,79,28.8
"070801",1409,55.5,80,3.2,133,5.2,428,16.9
"070901",15,3.8,13,3.3,55,13.8,110,27.6
"070903",728,12.6,452,7.8,598,10.3,1707,29.4
"070905",677,25,98,3.6,271,10,864,31.9
"070907",48,7.6,21,3.3,86,13.7,189,30.1
"070908",321,3.6,574,6.5,874,9.9,1908,21.6
"070909",32,11.7,7,2.6,40,14.7,49,17.9
"070910",106,8.7,39,3.2,175,14.4,307,25.3
"070911",533,9.2,465,8,647,11.2,2164,37.4
"070912",802,9.4,347,4.1,1003,11.8,2925,34.4
"070915",70,5.9,26,2.2,103,8.7,376,31.7
"071801",205,24.7,0,0,44,5.3,0,0
"071803",48,22.1,0,0,14,6.5,68,31.3
"071804",28,6.2,0,0,40,8.8,146,32.2
"071806",587,17,279,8.1,319,9.2,714,20.6
"071807",217,87.1,0,0,6,2.4,0,0
"071809",69,20.5,0,0,14,4.2,0,0
"071810",41,21.4,6,3.1,19,9.9,60,31.3
"071901",3473,30.3,462,4,895,7.8,3214,28
"071902",18602,32,7294,12.5,6206,10.7,16014,27.5
"071903",800,35,151,6.6,256,11.2,553,24.2
"071904",1666,43.9,194,5.1,382,10.1,1120,29.5
"071905",9902,24,3034,7.4,4964,12.1,12928,31.4
"071906",159,19,55,6.6,81,9.7,246,29.5
"071907",2036,32.8,601,9.7,574,9.3,1730,27.9
"071908",390,35.1,49,4.4,70,6.3,322,29
"071909",10513,22.7,2348,5.1,4360,9.4,17188,37
"072801",1121,15.5,0,0,817,11.3,1056,14.6
"072802",9,7.8,0,0,15,13,64,55.7
"072901",30,21.1,0,0,4,2.8,20,14.1
"072902",229,19.2,112,9.4,84,7.1,306,25.7
"072903",346,9.5,221,6,286,7.8,974,26.6
"072904",1,0.5,17,9,11,5.8,35,18.5
"072908",2,0.9,5,2.1,8,3.4,61,26
"072909",52,19,13,4.7,19,6.9,68,24.8
"072910",1,0.8,14,11.3,9,7.3,0,0
"073901",88,17.4,35,6.9,64,12.7,172,34.1
"073903",128,15.3,58,6.9,86,10.3,145,17.4
"073904",1,0.6,5,3.2,15,9.6,0,0
"073905",20,3.1,42,6.6,97,15.3,202,31.8
"074903",226,12.1,77,4.1,242,13,454,24.3
"074904",12,3.2,9,2.4,29,7.8,117,31.4
"074905",1,0.4,4,1.8,36,15.8,88,38.6
"074907",44,7.1,52,8.4,77,12.4,204,32.9
"074909",45,4.9,67,7.3,91,9.9,329,35.8
"074911",0,0,31,9.8,30,9.5,87,27.4
"074912",23,4,47,8.3,59,10.4,183,32.2
"074917",21,3.9,17,3.1,56,10.3,160,29.5
"075901",39,6.9,60,10.6,54,9.6,154,27.3
"075902",250,12.6,161,8.1,175,8.8,373,18.9
"075903",65,8.6,58,7.7,90,12,240,31.9
"075906",14,5.4,21,8.2,18,7,97,37.7
"075908",23,8.6,5,1.9,22,8.3,110,41.4
"076903",8,2.6,13,4.3,21,7,139,46
"076904",9,3.5,10,3.9,23,8.9,81,31.4
"077901",65,8.6,34,4.5,68,9,140,18.4
"077902",24,5.2,11,2.4,42,9.2,129,28.1
"078901",2,0.9,7,3.3,36,16.8,81,37.9
"079901",4096,12.8,2630,8.2,2805,8.8,8510,26.6
"079906",285,8.8,76,2.4,327,10.1,1075,33.4
"079907",11253,15,5475,7.3,5751,7.7,17974,24
"079910",604,16.8,163,4.5,288,8,1036,28.7
"080901",208,12.8,93,5.7,161,9.9,461,28.4
"081902",110,6.1,65,3.6,116,6.4,482,26.5
"081904",81,6.6,108,8.8,129,10.5,455,37
"081905",13,2.5,35,6.9,37,7.3,179,35.1
"081906",5,3.2,3,1.9,13,8.4,12,7.7
"082902",30,3.1,76,7.8,116,11.8,229,23.4
"082903",126,5.5,124,5.4,228,10,840,36.9
"083901",127,23.6,34,6.3,37,6.9,186,34.5
"083902",10,6.5,0,0,8,5.2,54,34.8
"083903",399,13.8,133,4.6,228,7.9,955,33
"084802",234,20.3,55,4.8,104,9,194,16.9
"084804",0,0,32,10.8,10,3.4,0,0
"084901",1371,12.6,544,5,1146,10.5,2255,20.7
"084902",1172,16.7,386,5.5,542,7.7,2294,32.8
"084903",0,0,3,2.1,13,9.2,39,27.5
"084906",693,7.9,270,3.1,855,9.7,2506,28.5
"084908",87,5.3,82,5,192,11.7,214,13
"084909",150,3.1,245,5.1,492,10.3,1164,24.4
"084910",4733,11.3,4464,10.6,4161,9.9,12880,30.7
"084911",123,2,563,9.3,616,10.2,2212,36.6
"085902",61,7,27,3.1,89,10.2,284,32.7
"085903",0,0,1,0.8,10,7.6,50,37.9
"086024",0,0,0,0,1,4,0,0
"086901",389,12.2,220,6.9,309,9.7,758,23.8
"086902",5,0.8,34,5.8,47,8,237,40.1
"087901",27,8.7,14,4.5,21,6.7,138,44.2
"088902",22,1.7,103,7.8,136,10.4,420,32
"089901",608,21.4,200,7,323,11.4,735,25.9
"089903",180,16.7,82,7.6,148,13.7,273,25.3
"089905",86,26.8,12,3.7,27,8.4,86,26.8
"090902",3,2,5,3.3,18,11.8,71,46.4
"090903",4,1.6,0,0,25,10,80,31.9
"090904",565,15.8,263,7.4,423,11.8,988,27.7
"090905",0,0,0,0,2,4.1,0,0
"091901",7,0.9,63,7.7,84,10.2,247,30.1
"091902",28,5.1,43,7.9,35,6.4,159,29.1
"091903",308,6.6,157,3.4,643,13.8,1161,25
"091905",63,5.4,44,3.8,126,10.8,343,29.5
"091906",1638,22,753,10.1,860,11.5,1774,23.8
"091907",40,6.6,57,9.5,34,5.6,146,24.2
"091908",31,1.9,110,6.9,140,8.8,499,31.2
"091909",59,3.7,72,4.6,162,10.3,495,31.3
"091910",30,3.5,63,7.4,52,6.1,322,37.8
"091913",14,1,72,5,130,9.1,378,26.3
"091914",31,3.4,32,3.5,89,9.7,258,28.1
"091917",71,7.7,74,8,56,6.1,263,28.5
"091918",20,3,17,2.6,74,11.1,201,30.2
"092801",0,0,0,0,13,9.3,92,65.7
"092901",114,6.4,129,7.2,214,12,438,24.6
"092902",790,19.4,160,3.9,309,7.6,1185,29.1
"092903",1579,18.5,416,4.9,630,7.4,1923,22.5
"092904",608,13,255,5.5,398,8.5,1190,25.5
"092906",119,8.1,120,8.2,122,8.3,480,32.7
"092907",102,5.2,91,4.6,150,7.7,472,24.1
"092908",15,1,121,8,145,9.6,382,25.3
"093901",36,4.2,50,5.8,67,7.8,295,34.3
"093903",6,1.2,26,5.2,37,7.4,172,34.3
"093904",562,18.4,75,2.5,260,8.5,868,28.5
"093905",0,0,0,0,11,6.7,56,34.4
"094901",710,9.5,533,7.2,770,10.3,1568,21.1
"094902",739,4.7,851,5.4,1453,9.3,4236,27.1
"094903",69,3.6,142,7.4,146,7.7,581,30.5
"094904",45,3.1,109,7.4,135,9.2,467,31.8
"095901",11,1.4,86,11.2,61,8,220,28.7
"095902",2,1.7,3,2.6,8,6.8,51,43.6
"095903",47,7.7,9,1.5,46,7.6,171,28.2
"095904",39,14.3,20,7.3,37,13.6,83,30.4
"095905",362,6.6,441,8,525,9.5,1579,28.7
"096904",70,13.9,39,7.8,65,12.9,132,26.2
"096905",12,6,10,5,16,8,90,44.8
"097902",43,5.1,59,7,88,10.4,254,30
"097903",49,8.3,12,2,55,9.3,160,27.1
"098901",80,18.7,39,9.1,27,6.3,156,36.4
"098903",23,18.1,0,0,9,7.1,0,0
"098904",197,22.5,46,5.2,52,5.9,233,26.6
"099902",41,18.7,18,8.2,21,9.6,93,42.5
"099903",11,2.1,28,5.3,67,12.6,153,28.8
"100903",32,2.8,107,9.3,99,8.6,433,37.6
"100904",38,1.3,129,4.4,372,12.7,962,32.9
"100905",92,4.1,123,5.5,193,8.6,802,35.9
"100907",76,1.9,205,5.2,330,8.3,1061,26.7
"100908",1,0.2,51,9.1,45,8,194,34.5
"101802",994,89.8,0,0,53,4.8,0,0
"101803",30,3.5,0,0,61,7.1,5,0.6
"101804",453,49.5,0,0,79,8.6,464,50.7
"101806",652,50.6,79,6.1,77,6,301,23.4
"101807",1,0.8,0,0,15,11.8,0,0
"101810",432,60.4,0,0,7,1,0,0
"101811",30,6.3,0,0,60,12.6,0,0
"101813",5131,35.6,0,0,909,6.3,1505,10.5
"101814",684,46.4,0,0,61,4.1,0,0
"101815",231,81.1,0,0,21,7.4,0,0
"101819",430,83.8,0,0,40,7.8,0,0
"101821",0,0,10,5,32,16,117,58.5
"101828",1062,46.9,0,0,67,3,108,4.8
"101837",10,3.2,0,0,20,6.4,146,46.9
"101838",1106,54.6,0,0,161,8,279,13.8
"101840",29,5.4,40,7.5,11,2.1,0,0
"101842",17,22.7,0,0,4,5.3,33,44
"101845",2005,18.4,0,0,661,6.1,2305,21.2
"101846",867,25.2,262,7.6,238,6.9,835,24.3
"101847",0,0,0,0,31,7,31,7
"101849",84,31.2,0,0,7,2.6,0,0
"101853",1143,59.7,12,0.6,167,8.7,0,0
"101855",0,0,0,0,14,5.7,0,0
"101856",568,87,1,0.2,12,1.8,0,0
"101858",1051,21,706,14.1,314,6.3,584,11.7
"101859",228,48.1,0,0,33,7,0,0
"101861",28,2.4,31,2.6,90,7.6,0,0
"101862",546,15.9,630,18.4,201,5.9,879,25.6
"101864",0,0,0,0,23,9.9,0,0
"101868",0,0,0,0,62,15.4,220,54.6
"101870",103,18.8,0,0,27,4.9,0,0
"101871",4,2.6,2,1.3,17,11,0,0
"101902",22659,33.7,2940,4.4,5106,7.6,19830,29.5
"101903",20330,44,2048,4.4,3364,7.3,10519,22.8
"101905",2915,30.2,303,3.1,885,9.2,3206,33.2
"101906",725,11.8,263,4.3,522,8.5,1380,22.5
"101907",16206,14,6804,5.9,9261,8,34852,30
"101908",1720,13.3,833,6.5,1347,10.4,2863,22.2
"101910",7067,31.3,1286,5.7,1940,8.6,6607,29.3
"101911",3536,14.9,1961,8.3,2378,10,6510,27.5
"101912",69271,32.4,33667,15.8,15133,7.1,42652,20
"101913",3817,9,3001,7.1,3244,7.7,11727,27.7
"101914",13125,17,6066,7.8,7629,9.9,15523,20.1
"101915",7739,14.6,2180,4.1,4679,8.8,13705,25.9
"101916",749,9.9,658,8.7,825,10.9,2127,28.2
"101917",14868,27.3,2847,5.2,5368,9.8,11565,21.2
"101919",8480,23.5,2305,6.4,2975,8.2,12734,35.3
"101920",12041,34.4,3100,8.9,2678,7.7,6485,18.5
"101921",1586,10,1423,9,1233,7.8,4543,28.6
"101924",2862,31.5,480,5.3,637,7,2861,31.5
"101925",209,5.9,248,7.1,331,9.4,963,27.4
"102901",4,2.7,3,2,3,2,0,0
"102902",941,17.3,742,13.7,361,6.6,1586,29.2
"102903",89,9.7,46,5,78,8.5,305,33.2
"102904",204,4,382,7.5,416,8.2,1588,31.3
"102905",7,1,59,8,77,10.5,214,29.2
"102906",8,0.9,50,5.7,114,12.9,251,28.4
"103901",12,6.6,5,2.8,21,11.6,68,37.6
"103902",80,33.5,1,0.4,14,5.9,84,35.1
"104901",12,2.2,9,1.6,59,10.7,173,31.3
"104903",6,4.2,8,5.6,16,11.3,47,33.1
"104907",0,0,3,2.3,6,4.5,43,32.6
"105801",0,0,0,0,14,8.9,125,79.6
"105802",0,0,0,0,28,11.3,0,0
"105803",2,1.1,1,0.6,96,55.2,73,42
"105902",799,9.8,836,10.2,950,11.6,2274,27.8
"105904",289,4.5,428,6.7,635,9.9,1453,22.6
"105905",145,5.9,197,8.1,211,8.7,756,31
"105906",3021,15.3,1439,7.3,2145,10.8,4139,20.9
"106901",113,12.2,42,4.5,68,7.3,298,32
"107901",673,21.6,138,4.4,226,7.3,911,29.3
"107902",118,4.4,131,4.8,292,10.8,696,25.7
"107904",7,1.3,20,3.7,54,9.9,158,29
"107905",25,1.6,56,3.6,227,14.7,368,23.8
"107906",59,4.2,60,4.3,125,9,382,27.5
"107907",8,4.6,7,4,17,9.8,60,34.7
"107908",8,4.8,10,6,15,9,0,0
"107910",5,1.1,11,2.4,41,9.1,100,22.1
"108802",456,36.9,51,4.1,49,4,0,0
"108804",53,14.4,0,0,34,9.3,71,19.3
"108807",11428,32.1,0,0,1844,5.2,1545,4.3
"108808",1177,35.9,0,0,131,4,602,18.3
"108809",149,64.5,0,0,20,8.7,36,15.6
"108902",7410,50.1,1254,8.5,1232,8.3,3639,24.6
"108903",1304,25.2,605,11.7,427,8.2,1435,27.7
"108904",10685,31.3,2163,6.3,2022,5.9,8711,25.5
"108905",1831,57,324,10.1,198,6.2,1019,31.7
"108906",7828,33.1,2261,9.6,2243,9.5,6857,29
"108907",1394,25.3,707,12.8,379,6.9,1780,32.3
"108908",4926,31,1744,11,1145,7.2,5023,31.6
"108909",14845,45.4,2255,6.9,2322,7.1,8393,25.7
"108910",1011,53.2,200,10.5,132,6.9,502,26.4
"108911",2835,27.9,1138,11.2,648,6.4,3236,31.8
"108912",14991,52.1,2616,9.1,2229,7.8,8298,28.9
"108913",4400,25.7,954,5.6,1422,8.3,4911,28.7
"108914",102,17.6,50,8.6,35,6,162,28
"108915",313,30.6,32,3.1,66,6.4,248,24.2
"108916",2757,61.6,315,7,284,6.3,1452,32.4
"109901",5,1.7,2,0.7,32,11.1,134,46.4
"109902",5,2.8,3,1.7,25,14,68,38
"109903",4,1.3,12,4,39,13.1,133,44.6
"109904",262,13,94,4.7,206,10.2,587,29.1
"109905",4,1,31,7.8,47,11.8,141,35.5
"109907",74,10.7,46,6.6,66,9.5,184,26.6
"109908",47,29.7,8,5.1,22,13.9,0,0
"109910",16,8.1,11,5.6,25,12.6,42,21.2
"109911",78,5.2,91,6,192,12.7,365,24.1
"109912",13,4,33,10.2,34,10.6,85,26.4
"109913",4,1.1,17,4.8,45,12.8,102,29
"109914",12,5.1,4,1.7,49,20.7,88,37.1
"110901",12,5.1,7,3,26,11.1,98,41.7
"110902",213,7.1,165,5.5,413,13.8,1119,37.5
"110905",8,1.9,5,1.2,31,7.2,128,29.8
"110906",5,1.2,26,6,56,13,184,42.7
"110907",25,4.1,63,10.4,43,7.1,177,29.3
"110908",2,1.1,11,6,18,9.8,80,43.5
"111901",579,8.1,588,8.3,749,10.5,2066,29
"111902",12,3.1,18,4.6,31,7.9,110,28.2
"111903",6,0.8,27,3.4,50,6.4,266,33.8
"112901",548,12.7,200,4.6,438,10.1,1193,27.6
"112905",11,2.8,28,7.1,53,13.5,173,44.1
"112906",50,9.7,36,6.9,53,10.2,168,32.4
"112907",25,7.6,1,0.3,30,9.1,107,32.5
"112908",189,25.4,38,5.1,70,9.4,234,31.5
"112909",21,8.5,1,0.4,28,11.4,76,30.9
"112910",8,3.7,12,5.5,29,13.3,67,30.7
"113901",230,17.3,59,4.4,129,9.7,329,24.7
"113902",9,1.8,23,4.5,74,14.6,223,43.9
"113903",17,3.1,28,5.1,59,10.8,211,38.6
"113905",7,1.4,37,7.6,47,9.7,164,33.8
"113906",2,0.7,16,5.8,31,11.2,108,38.8
"114901",129,3.3,145,3.7,357,9,1095,27.7
"114902",15,1.5,86,8.6,80,8,295,29.5
"114904",13,1.7,48,6.1,51,6.5,190,24.3
"115901",277,67.7,17,4.2,26,6.4,100,24.4
"115902",8,7,2,1.8,11,9.6,48,42.1
"115903",18,28.1,3,4.7,8,12.5,36,56.3
"116901",47,2.7,56,3.2,163,9.4,580,33.4
"116902",13,2.7,23,4.7,61,12.5,167,34.2
"116903",148,9.8,98,6.5,168,11.1,528,35
"116905",1060,19.4,504,9.2,605,11.1,1323,24.2
"116906",13,1.2,89,8.5,154,14.8,311,29.8
"116908",278,10.6,108,4.1,297,11.3,865,32.9
"116909",30,4.5,39,5.8,65,9.6,192,28.5
"116910",18,5.5,46,14.1,42,12.8,112,34.3
"116915",94,13.8,45,6.6,73,10.7,294,43
"116916",9,1.7,39,7.2,64,11.8,152,28
"117901",238,8.7,151,5.5,312,11.4,671,24.6
"117903",0,0,37,5,103,14,204,27.7
"117904",6,0.9,38,5.5,63,9.2,149,21.7
"117907",1,1,15,14.7,2,2,0,0
"118902",1,0.4,17,6.1,16,5.8,82,29.6
"119901",6,2.3,11,4.2,23,8.8,93,35.6
"119902",147,14.1,31,3,101,9.7,278,26.7
"119903",8,2.4,21,6.2,37,10.9,117,34.4
"120901",137,8.7,112,7.1,148,9.4,470,29.9
"120902",77,10.1,49,6.4,66,8.6,243,31.7
"120905",44,3.8,68,5.8,112,9.6,287,24.5
"121902",0,0,3,0.7,47,11.6,99,24.4
"121903",10,0.7,101,6.6,164,10.8,565,37.1
"121904",202,8.1,140,5.6,278,11.2,695,28
"121905",38,2.5,77,5.1,110,7.3,487,32.4
"121906",8,1.6,1,0.2,51,10.5,189,38.8
"122901",34,15,37,16.4,26,11.5,49,21.7
"122902",8,24.2,0,0,3,9.1,9,27.3
"123803",0,0,0,0,15,3.7,46,11.3
"123805",193,49.9,18,4.7,17,4.4,0,0
"123807",439,45,0,0,43,4.4,345,35.3
"123905",411,7.7,187,3.5,560,10.4,1328,24.7
"123907",1794,22.2,332,4.1,606,7.5,2034,25.1
"123908",271,5.3,471,9.2,483,9.4,1378,26.9
"123910",1970,10.5,1445,7.7,1424,7.6,4943,26.3
"123913",2,0.5,13,3.5,8,2.2,136,36.7
"123914",84,4.4,133,6.9,146,7.6,810,42
"124901",72,6.3,103,9,88,7.7,285,24.8
"125901",119,2.3,185,3.7,406,8,1482,29.2
"125902",28,5.1,36,6.5,39,7,253,45.7
"125903",31,1.7,125,6.7,186,9.9,667,35.6
"125905",30,5.2,28,4.8,52,8.9,141,24.2
"125906",0,0,5,3.8,4,3.1,0,0
"126801",3,3.3,0,0,11,12.1,10,11
"126901",586,15.8,267,7.2,249,6.7,1032,27.7
"126902",629,5.2,932,7.7,1010,8.3,3176,26.1
"126903",1319,19.7,607,9.1,649,9.7,2200,32.9
"126904",44,3.6,91,7.5,91,7.5,356,29.3
"126905",514,9.3,187,3.4,406,7.4,1379,25
"126906",208,19.8,42,4,73,7,273,26
"126907",40,5.5,69,9.4,70,9.6,200,27.4
"126908",475,22.2,139,6.5,179,8.4,497,23.3
"126911",195,9.7,73,3.6,214,10.7,589,29.4
"127901",12,1.6,48,6.2,98,12.7,253,32.8
"127903",22,5.5,12,3,50,12.6,115,29
"127904",2,0.3,95,12.9,57,7.7,266,36.1
"127905",0,0,1,0.9,20,18.9,36,34
"127906",22,3.3,16,2.4,58,8.7,267,39.9
"128901",52,4.6,125,11.1,123,10.9,298,26.4
"128902",47,5.7,57,6.9,112,13.6,254,30.8
"128903",1,0.4,23,8.3,30,10.8,144,51.8
"128904",6,1.7,33,9.3,29,8.2,147,41.6
"129901",406,10,227,5.6,357,8.8,1043,25.8
"129902",950,9.3,296,2.9,909,8.9,3580,35.2
"129903",671,17,214,5.4,343,8.7,1248,31.6
"129904",149,9.2,79,4.9,187,11.6,682,42.3
"129905",129,3.7,280,8,376,10.7,1192,34
"129906",906,19.6,265,5.7,388,8.4,1630,35.3
"129910",41,4,65,6.3,106,10.3,327,31.8
"130801",0,0,0,0,71,51.8,22,16.1
"130901",637,7.4,549,6.3,773,8.9,2765,32
"130902",99,9,35,3.2,137,12.5,356,32.4
"131001",2,2.6,9,11.5,14,17.9,0,0
"132902",0,0,0,0,21,13.8,43,28.3
"133901",107,18.6,23,4,58,10.1,187,32.5
"133902",38,19.8,8,4.2,17,8.9,0,0
"133903",379,7.6,285,5.7,405,8.1,1204,24
"133904",150,13.6,59,5.3,88,7.9,371,33.5
"133905",1,5.9,0,0,3,17.6,0,0
"134901",14,2.3,46,7.5,69,11.2,215,35
"135001",1,1,11,11.1,3,3,37,37.4
"136901",30,5.2,50,8.6,60,10.3,162,27.8
"137901",108,3.2,130,3.8,411,12.1,988,29.2
"137902",14,2,32,4.7,49,7.1,0,0
"137903",19,4.5,17,4,32,7.6,208,49.4
"137904",3,0.4,132,17.5,15,2,259,34.4
"138902",25,9,4,1.4,34,12.2,81,29.1
"138903",17,4.6,15,4.1,53,14.4,77,20.9
"138904",2,1.8,11,10,10,9.1,30,27.3
"139905",44,4.6,28,2.9,93,9.8,252,26.4
"139908",7,4.4,10,6.3,26,16.5,57,36.1
"139909",377,9.9,409,10.7,468,12.3,856,22.4
"139911",64,2.5,245,9.6,356,14,708,27.8
"139912",24,2.1,86,7.5,100,8.7,334,29.1
"140901",57,34.5,2,1.2,16,9.7,54,32.7
"140904",86,6.4,43,3.2,150,11.2,377,28.2
"140905",94,15.3,45,7.3,51,8.3,208,33.9
"140907",60,16.4,22,6,53,14.5,108,29.5
"140908",33,7,26,5.5,42,9,153,32.6
"141901",107,3.2,299,9,395,11.8,912,27.4
"141902",37,13.1,8,2.8,36,12.8,96,34
"142901",87,6.3,131,9.5,168,12.2,439,31.9
"143901",21,1.9,73,6.5,102,9.1,402,35.9
"143902",25,8.9,7,2.5,34,12.1,73,26.1
"143903",13,2,12,1.8,74,11.4,201,31
"143904",3,2.5,6,5,7,5.8,0,0
"143905",0,0,16,10.3,7,4.5,0,0
"143906",0,0,1,1,5,4.9,0,0
"144901",205,10.8,69,3.6,194,10.3,469,24.8
"144902",16,1.6,52,5.1,95,9.3,324,31.8
"144903",21,12.7,9,5.4,28,16.9,62,37.3
"145901",147,15.6,57,6,74,7.8,259,27.4
"145902",18,2.6,16,2.3,49,7.2,232,34
"145906",25,4.1,45,7.4,46,7.6,242,39.7
"145907",1,0.5,8,4,16,8,79,39.5
"145911",114,15,70,9.2,66,8.7,221,29.1
"146901",2038,36.6,166,3,402,7.2,1686,30.3
"146902",930,17.3,194,3.6,503,9.3,1379,25.6
"146903",27,15.4,15,8.6,11,6.3,0,0
"146904",28,2,39,2.8,97,6.9,325,23.1
"146905",14,2.9,23,4.8,44,9.2,155,32.5
"146906",304,14.4,193,9.2,219,10.4,578,27.5
"146907",52,2.9,88,4.8,187,10.3,507,27.8
"147901",43,13.9,3,1,46,14.9,85,27.5
"147902",89,4.7,33,1.8,204,10.9,496,26.5
"147903",314,17.5,55,3.1,197,11,513,28.6
"148901",109,28,17,4.4,36,9.3,88,22.6
"148902",16,11,2,1.4,12,8.2,30,20.5
"148903",7,5.7,3,2.5,18,14.8,28,23
"148905",3,2.6,3,2.6,11,9.5,38,32.8
"149901",28,2.6,106,9.7,104,9.5,349,32
"149902",33,4.9,54,8,69,10.2,253,37.4
"150901",105,5.9,94,5.3,194,10.9,598,33.4
"152802",0,0,0,0,42,13.7,0,0
"152803",2,1,0,0,24,12.1,140,70.7
"152901",1444,5.2,1469,5.3,2937,10.6,8422,30.3
"152902",18,2.4,41,5.5,51,6.8,235,31.3
"152903",50,3.9,99,7.8,164,12.9,513,40.4
"152906",186,2.9,255,4,527,8.3,1296,20.5
"152907",371,3.8,804,8.3,836,8.6,2725,28.2
"152908",31,2.8,31,2.8,119,10.9,367,33.7
"152909",42,2.6,118,7.2,119,7.2,442,26.9
"152910",17,1.7,53,5.3,84,8.4,277,27.7
"153903",18,5.6,26,8.1,37,11.5,88,27.3
"153904",15,2.4,53,8.5,41,6.6,196,31.6
"153905",14,3.1,0,0,29,6.5,84,18.8
"153907",15,11.7,8,6.3,15,11.7,51,39.8
"154901",356,15.1,32,1.4,186,7.9,692,29.4
"154903",9,2.6,19,5.4,23,6.6,147,41.9
"155901",13,1,104,8.2,134,10.5,433,34
"156902",68,6.7,60,5.9,74,7.3,246,24.4
"156905",9,3.6,17,6.7,14,5.6,46,18.3
"157901",50,6.9,109,15,52,7.2,197,27.2
"158901",438,12.3,82,2.3,290,8.1,925,26
"158902",82,8.8,70,7.5,62,6.6,413,44.2
"158904",12,7.6,6,3.8,11,7,0,0
"158905",213,15,77,5.4,146,10.3,493,34.6
"158906",18,1.7,84,8,95,9,339,32.1
"159901",4645,32,1006,6.9,1333,9.2,3694,25.4
"160901",46,3.9,38,3.2,155,13.2,304,25.8
"160904",0,0,5,2.7,30,16.2,48,25.9
"160905",1,0.9,1,0.9,12,11.2,28,26.2
"161801",47,21.9,6,2.8,13,6,0,0
"161802",61,7.5,0,0,63,7.7,173,21.1
"161807",2392,24.8,992,10.3,711,7.4,2801,29
"161901",3,0.6,23,4.2,49,9,170,31.2
"161903",265,3.3,994,12.3,645,8,2605,32.3
"161906",647,20.9,67,2.2,232,7.5,842,27.2
"161907",31,1.8,182,10.4,147,8.4,531,30.2
"161908",22,4.2,39,7.5,72,13.9,163,31.4
"161909",165,11.3,106,7.3,102,7,373,25.6
"161910",50,7.2,25,3.6,66,9.5,195,28.1
"161912",4,0.6,80,12.4,64,9.9,267,41.4
"161914",2672,18.1,1407,9.5,1109,7.5,3730,25.2
"161916",39,2.9,64,4.8,107,8.1,607,45.8
"161918",10,1.2,35,4.4,119,14.8,256,31.9
"161919",21,3,77,11.2,78,11.3,217,31.5
"161920",40,1.5,275,10,270,9.8,753,27.4
"161921",243,10.4,121,5.2,175,7.5,633,27.1
"161922",41,1.7,95,4,210,8.9,810,34.5
"161923",22,3.1,71,10,80,11.3,213,30
"161924",8,4.7,9,5.2,14,8.1,0,0
"161925",6,2.4,4,1.6,23,9,88,34.5
"162904",2,0.8,19,7.4,14,5.4,91,35.4
"163901",76,3.8,115,5.7,236,11.8,629,31.3
"163902",2,0.5,42,11.1,41,10.8,124,32.6
"163903",71,6.4,66,6,107,9.7,334,30.3
"163904",56,2.8,154,7.7,185,9.3,569,28.5
"163908",262,5.2,274,5.4,500,9.9,1579,31.2
"164901",18,5.8,9,2.9,29,9.3,79,25.2
"165802",18,4.4,20,4.8,13,3.1,18,4.4
"165901",2931,11.4,1207,4.7,1736,6.8,6454,25.1
"165902",212,7.9,130,4.9,158,5.9,768,28.7
"166901",177,9.6,74,4,165,8.9,480,25.9
"166902",20,10.9,12,6.5,17,9.2,0,0
"166903",27,6,30,6.6,42,9.3,246,54.3
"166904",94,6.2,76,5,142,9.3,399,26.1
"166905",42,7.4,44,7.8,41,7.2,305,53.9
"166907",3,2.1,12,8.3,18,12.4,55,37.9
"167901",25,4.4,40,7,57,10,218,38.1
"167902",10,3,3,0.9,94,28.2,82,24.6
"167904",0,0,5,4.5,15,13.5,50,45
"168901",35,3.6,47,4.8,96,9.8,232,23.7
"168902",2,1.3,1,0.6,16,10.1,73,45.9
"168903",0,0,21,8.4,30,12,94,37.5
"169901",94,5.6,113,6.7,183,10.8,742,43.9
"169902",92,11.8,36,4.6,98,12.6,225,28.8
"169906",5,4.6,8,7.3,9,8.3,39,35.8
"169908",0,0,3,1.9,11,6.9,0,0
"169909",0,0,10,6.6,21,13.9,49,32.5
"169910",0,0,0,0,30,16,72,38.3
"169911",1,0.4,19,6.7,35,12.4,119,42.2
"170801",111,22.1,0,0,26,5.2,0,0
"170902",8224,13.4,4622,7.5,4806,7.8,14611,23.8
"170903",336,3.8,616,7.1,589,6.7,2523,28.9
"170904",1024,14.1,359,4.9,607,8.4,1496,20.6
"170906",1591,12.3,653,5,1105,8.5,3774,29.1
"170907",597,14.9,204,5.1,374,9.3,1018,25.4
"170908",5094,33.9,1153,7.7,1260,8.4,4572,30.4
"171901",1254,29.1,209,4.9,392,9.1,919,21.3
"171902",89,16.1,35,6.3,50,9.1,196,35.5
"172902",103,10.1,31,3,162,15.9,281,27.5
"172905",57,6.4,23,2.6,119,13.4,284,32
"173901",1,0.6,20,11.6,16,9.3,57,33.1
"174801",7,2.7,0,0,13,5.1,0,0
"174901",34,8.6,28,7.1,45,11.4,100,25.4
"174902",25,4.5,23,4.1,58,10.4,166,29.8
"174903",16,2.2,34,4.7,62,8.5,236,32.4
"174904",1924,30.5,377,6,564,8.9,1319,20.9
"174906",54,7.2,40,5.4,51,6.8,232,31.1
"174908",54,4.8,70,6.2,76,6.7,302,26.7
"174909",21,5.3,29,7.3,45,11.3,142,35.6
"174910",0,0,9,6.1,26,17.6,0,0
"174911",23,4.8,25,5.2,44,9.2,237,49.6
"175902",98,10.4,69,7.3,77,8.2,280,29.7
"175903",1451,24.6,460,7.8,568,9.6,1770,30
"175904",28,5.8,50,10.3,46,9.5,129,26.5
"175905",59,14.3,35,8.5,30,7.3,123,29.9
"175907",27,4.6,37,6.3,59,10,282,47.6
"175910",23,3.1,57,7.7,54,7.3,308,41.7
"175911",178,19.9,50,5.6,54,6,238,26.7
"176901",1,0.4,9,3.5,25,9.7,74,28.8
"176902",0,0,70,6.9,132,12.9,326,31.9
"176903",0,0,26,4.5,86,14.9,212,36.8
"177901",51,8.2,27,4.4,34,5.5,261,42.2
"177902",46,2.1,109,5.1,314,14.6,513,23.8
"177903",2,1.3,15,9.6,14,8.9,73,46.5
"177905",0,0,19,8.2,16,6.9,78,33.6
"178801",34,19.9,0,0,3,1.8,18,10.5
"178807",4,2.8,0,0,12,8.3,0,0
"178808",9,1.8,45,9.2,40,8.2,12,2.5
"178901",3,0.9,2,0.6,23,6.8,121,36
"178902",62,4.2,90,6.1,187,12.7,488,33.2
"178903",133,3.3,292,7.2,438,10.8,1087,26.8
"178904",2168,5.7,1108,2.9,3285,8.7,7729,20.4
"178905",6,1.9,31,9.7,24,7.5,0,0
"178906",9,0.9,135,12.9,55,5.3,290,27.8
"178908",2,0.5,28,6.4,31,7.1,106,24.4
"178909",92,3.3,244,8.7,288,10.3,858,30.8
"178912",213,5.5,221,5.7,351,9.1,1003,25.9
"178913",23,2.5,70,7.5,100,10.8,255,27.4
"178914",162,2.9,643,11.4,575,10.2,1622,28.7
"178915",119,5.7,109,5.2,234,11.1,742,35.3
"179901",629,28.3,44,2,159,7.2,647,29.1
"180901",2,0.7,16,5.3,53,17.6,150,49.8
"180902",10,2.7,17,4.6,22,6,127,34.4
"180903",4,3.3,8,6.7,12,10,73,60.8
"180904",0,0,1,0.7,9,6.2,35,24
"181901",132,4.4,90,3,203,6.8,828,27.8
"181905",31,1.7,69,3.9,153,8.6,466,26.2
"181906",167,6.9,88,3.7,253,10.5,616,25.6
"181907",65,1.4,198,4.4,542,11.9,1537,33.8
"181908",60,1.9,108,3.4,384,12.2,926,29.5
"182901",0,0,3,1.7,14,7.7,76,42
"182902",15,4.3,46,13.1,23,6.5,92,26.1
"182903",304,9.3,164,5,291,8.9,971,29.6
"182904",16,3.5,49,10.8,33,7.3,160,35.2
"182905",21,11.9,11,6.3,17,9.7,50,28.4
"182906",4,3.6,4,3.6,7,6.3,0,0
"183801",0,0,23,15.6,3,2,126,85.7
"183901",17,2.6,8,1.2,68,10.3,228,34.4
"183902",244,9.1,149,5.6,311,11.6,848,31.6
"183904",15,3.2,23,4.9,51,10.8,138,29.3
"184801",0,0,0,0,10,9.2,108,99.1
"184901",38,7.3,34,6.6,59,11.4,155,29.9
"184902",190,5.3,155,4.3,293,8.2,1021,28.6
"184903",615,7.6,680,8.4,741,9.2,2624,32.5
"184904",23,2.3,48,4.8,95,9.6,307,30.9
"184907",152,2.7,386,6.8,423,7.4,1316,23.1
"184908",37,3.2,81,6.9,93,8,343,29.4
"184909",23,1.7,91,6.6,93,6.8,484,35.3
"184911",9,4.6,26,13.3,19,9.7,17,8.7
"185901",123,25.1,16,3.3,34,6.9,113,23.1
"185902",82,15.2,33,6.1,56,10.4,151,28
"185903",269,24.2,52,4.7,99,8.9,262,23.6
"185904",29,14.4,8,4,20,10,41,20.4
"186901",21,8.6,10,4.1,10,4.1,102,41.8
"186902",208,8.4,66,2.7,151,6.1,786,31.8
"186903",51,10.1,18,3.6,54,10.7,139,27.6
"187901",0,0,56,11,52,10.3,230,45.4
"187903",43,17.8,2,0.8,19,7.9,98,40.7
"187904",114,12.8,50,5.6,82,9.2,275,30.9
"187906",7,3.9,11,6.1,17,9.5,72,40.2
"187907",315,7.8,160,3.9,403,9.9,1178,29
"187910",9,0.8,42,3.8,127,11.4,338,30.5
"188901",5096,15.6,1909,5.8,3454,10.5,8867,27.1
"188902",30,2.3,50,3.9,143,11.2,419,32.8
"188903",64,7.2,25,2.8,110,12.3,318,35.6
"188904",9,0.6,117,8.1,166,11.4,629,43.3
"189901",55,16.4,8,2.4,24,7.1,65,19.3
"189902",663,53.4,105,8.5,84,6.8,354,28.5
"190903",107,6.3,130,7.7,197,11.6,428,25.2
"191901",161,1.6,333,3.3,1114,11.2,2436,24.5
"192901",112,13.1,31,3.6,52,6.1,186,21.8
"193801",4,1.7,1,0.4,99,42.5,80,34.3
"193902",17,5.5,20,6.5,41,13.3,68,22
"194902",12,3.4,24,6.7,40,11.2,104,29.1
"194903",33,4.8,80,11.5,66,9.5,196,28.3
"194904",52,9.6,53,9.8,51,9.4,136,25.1
"194905",2,0.4,35,6.7,53,10.2,179,34.3
"195901",278,10.6,133,5.1,263,10,972,37
"195902",13,7.4,1,0.6,17,9.7,67,38.1
"196901",3,2.2,14,10.4,26,19.4,45,33.6
"196902",0,0,56,12.5,56,12.5,157,35
"196903",30,4.3,17,2.4,63,9,178,25.5
"197902",1,0.5,24,11,10,4.6,57,26
"198901",19,3.7,38,7.5,54,10.7,173,34.1
"198902",1,0.6,9,5.5,24,14.6,67,40.9
"198903",37,3,87,6.9,133,10.6,405,32.3
"198905",144,16.7,25,2.9,130,15.1,211,24.5
"198906",77,12.5,83,13.5,51,8.3,97,15.7
"199901",1176,7.3,1115,6.9,1548,9.6,4317,26.7
"199902",580,10.1,528,9.2,585,10.2,1701,29.7
"200901",10,1.1,62,6.9,82,9.1,246,27.3
"200902",28,6.3,23,5.2,28,6.3,132,29.7
"200904",19,3.5,69,12.7,52,9.6,179,33
"200906",4,3.9,4,3.9,8,7.8,13,12.7
"201902",437,12.7,175,5.1,290,8.4,888,25.9
"201903",17,9.3,10,5.5,18,9.9,59,32.4
"201904",59,22.8,4,1.5,26,10,59,22.8
"201907",18,4.4,38,9.2,50,12.1,116,28.2
"201908",4,0.8,56,10.7,52,9.9,125,23.9
"201910",178,11,140,8.7,125,7.7,693,43
"201913",120,18.8,34,5.3,52,8.2,152,23.9
"201914",122,11.3,59,5.5,108,10,332,30.8
"202903",14,1.6,59,6.6,93,10.4,270,30.1
"202905",3,0.5,57,8.6,66,9.9,195,29.3
"203901",71,9.3,26,3.4,94,12.3,283,37.1
"203902",17,4.2,34,8.3,44,10.8,113,27.6
"204901",17,1.1,86,5.6,154,10.1,499,32.7
"204904",311,15.4,79,3.9,154,7.6,643,31.9
"205901",123,8.4,69,4.7,133,9,366,24.8
"205902",196,4.2,278,5.9,397,8.4,870,18.5
"205903",146,6.5,57,2.6,191,8.5,619,27.7
"205904",29,1.8,57,3.5,151,9.3,318,19.6
"205905",32,3.2,68,6.9,55,5.6,236,23.9
"205906",28,1.3,130,5.9,237,10.8,519,23.6
"205907",23,2.1,50,4.5,122,11,309,27.9
"206901",124,16.9,58,7.9,95,12.9,163,22.2
"206902",3,2.3,4,3.1,25,19.2,56,43.1
"206903",1,0.9,3,2.6,15,13.2,42,36.8
"207901",48,8.7,23,4.2,33,6,151,27.3
"208901",15,6,19,7.6,17,6.8,60,23.9
"208902",257,9.5,146,5.4,275,10.2,947,35.1
"208903",8,3.1,9,3.5,18,7,106,41.4
"209901",10,2,15,3,42,8.3,178,35.1
"209902",0,0,2,1.6,18,14.1,70,54.7
"210901",782,29.4,110,4.1,291,10.9,727,27.3
"210902",57,8,30,4.2,90,12.6,211,29.5
"210903",39,5,24,3.1,86,11,243,31.2
"210904",111,19.2,27,4.7,86,14.9,208,35.9
"210905",28,4.5,16,2.6,71,11.3,183,29.2
"210906",4,4.2,0,0,20,21.1,12,12.6
"211901",49,37.4,1,0.8,14,10.7,0,0
"211902",97,16.4,13,2.2,44,7.5,144,24.4
"212801",126,7.1,0,0,128,7.2,461,26
"212804",12,1.7,83,11.9,44,6.3,328,46.9
"212901",27,3,65,7.2,79,8.8,249,27.7
"212902",69,2.7,136,5.3,272,10.6,754,29.5
"212903",152,3.7,362,8.9,407,10,1198,29.4
"212904",49,4.5,53,4.9,71,6.6,298,27.6
"212905",4011,22.3,1734,9.6,1314,7.3,5461,30.4
"212906",166,3.5,387,8.2,437,9.2,1371,29
"212909",754,21.2,205,5.8,351,9.9,1276,35.9
"212910",114,10.6,44,4.1,123,11.5,323,30.1
"213801",0,0,0,0,25,10.6,96,40.7
"213901",170,9.4,127,7,118,6.5,585,32.4
"214901",7316,70.1,1954,18.7,999,9.6,2851,27.3
"214902",42,17.6,19,8,26,10.9,75,31.5
"214903",4441,69.9,641,10.1,411,6.5,1890,29.7
"215901",115,7.7,76,5.1,142,9.5,421,28.1
"216901",18,5.9,9,3,35,11.5,119,39
"217901",9,4,10,4.4,18,7.9,83,36.6
"218901",96,11.8,10,1.2,78,9.6,251,30.8
"219901",14,5.3,3,1.1,20,7.6,72,27.5
"219903",75,6.8,52,4.7,118,10.8,323,29.5
"219905",20,8,9,3.6,22,8.8,78,31.1
"220801",4,1,0,0,23,6,39,10.2
"220802",62,4,0,0,51,3.3,15,1
"220809",6,1.1,73,12.8,19,3.3,0,0
"220810",5,0.6,0,0,26,3,255,29.9
"220811",117,31,16,4.2,14,3.7,0,0
"220814",32,9.3,19,5.5,17,4.9,0,0
"220815",33,6.5,58,11.4,41,8,0,0
"220817",302,11.1,133,4.9,133,4.9,648,23.9
"220819",26,2.8,88,9.3,101,10.7,75,7.9
"220901",16212,26.6,5285,8.7,4785,7.8,17055,27.9
"220902",4752,20.1,2180,9.2,2192,9.3,6746,28.6
"220904",1708,29.3,253,4.3,462,7.9,1336,22.9
"220905",26041,30.3,9303,10.8,7133,8.3,20875,24.3
"220906",1611,11.6,2975,21.4,1120,8,4109,29.5
"220907",2744,7.9,3478,10,3339,9.6,9676,27.8
"220908",3567,10.2,2385,6.8,3072,8.8,8674,24.8
"220910",632,18.9,177,5.3,306,9.1,1294,38.7
"220912",2378,15.6,1086,7.1,1439,9.5,4876,32.1
"220914",239,7.7,226,7.2,278,8.9,975,31.3
"220915",284,4.4,408,6.3,599,9.2,1789,27.6
"220916",3423,14.7,1552,6.6,2088,8.9,5374,23
"220917",1386,35.5,230,5.9,348,8.9,902,23.1
"220918",1777,9.2,1342,7,1690,8.8,4646,24.1
"220919",220,2.6,1965,23.6,577,6.9,1769,21.2
"220920",1031,15.1,476,7,655,9.6,2001,29.2
"221801",1378,10.5,0,0,1018,7.8,344,2.6
"221901",921,5.5,1131,6.7,1909,11.4,4766,28.4
"221904",22,1.9,89,7.6,156,13.4,419,35.9
"221905",0,0,17,10.3,16,9.7,48,29.1
"221911",1,0.1,97,8,124,10.2,491,40.4
"221912",59,1.3,164,3.7,287,6.5,1036,23.5
"222901",4,2.8,0,0,16,11.1,42,29.2
"223901",138,7.9,82,4.7,136,7.8,460,26.3
"223902",18,6.4,14,5,25,8.9,93,33
"223904",29,9.3,24,7.7,20,6.4,79,25.2
"224901",0,0,7,5.1,6,4.4,48,35.3
"224902",1,0.6,4,2.5,17,10.5,66,40.7
"225902",2308,43.6,357,6.7,556,10.5,1389,26.3
"225905",86,51.2,7,4.2,23,13.7,0,0
"225906",166,16,86,8.3,101,9.8,354,34.2
"225907",188,31.1,20,3.3,30,5,0,0
"226801",109,4,0,0,188,6.9,193,7.1
"226901",1,0.2,28,5.4,40,7.6,228,43.6
"226903",680,4.7,506,3.5,1514,10.4,2774,19
"226905",5,1.4,13,3.6,54,14.9,110,30.3
"226906",16,1.4,87,7.7,59,5.2,448,39.6
"226907",55,4.9,54,4.8,152,13.4,271,23.9
"226908",17,6.3,10,3.7,28,10.4,102,37.9
"227803",679,32.1,0,0,113,5.3,152,7.2
"227804",196,19.7,11,1.1,83,8.3,143,14.4
"227805",0,0,0,0,23,7.7,0,0
"227806",76,11.3,0,0,218,32.3,136,20.2
"227814",18,4.7,0,0,10,2.6,85,22.3
"227816",1377,34.9,342,8.7,273,6.9,620,15.7
"227817",205,40.9,16,3.2,44,8.8,54,10.8
"227819",75,25.4,10,3.4,20,6.8,0,0
"227820",2352,45.5,0,0,474,9.2,0,0
"227821",10,1.9,0,0,47,9,0,0
"227824",139,22,0,0,48,7.6,93,14.7
"227825",459,56.7,0,0,104,12.9,100,12.4
"227826",108,22.7,0,0,29,6.1,0,0
"227827",53,27,0,0,0,0,43,21.9
"227828",143,40.9,0,0,21,6,82,23.4
"227901",23758,29.2,7668,9.4,8859,10.9,21702,26.7
"227904",5633,22.3,1861,7.4,2682,10.6,6614,26.2
"227907",3479,38.4,748,8.3,791,8.7,3146,34.7
"227909",167,2.1,914,11.3,677,8.4,1414,17.6
"227910",4091,36.6,519,4.6,1339,12,3414,30.6
"227912",77,5.2,122,8.3,112,7.6,430,29.2
"227913",618,6,1079,10.4,776,7.5,2334,22.5
"228901",14,1.8,64,8.3,91,11.8,208,27.1
"228903",95,7.7,52,4.2,117,9.5,444,35.9
"228904",0,0,12,10,11,9.2,35,29.2
"228905",0,0,19,9.6,28,14.2,55,27.9
"229901",0,0,2,0.4,50,10.5,150,31.6
"229903",46,3.4,72,5.4,189,14.1,403,30.1
"229904",13,1,70,5.4,110,8.5,354,27.2
"229905",4,1,8,2,47,12,102,26
"229906",0,0,6,2.9,27,13.1,54,26.2
"230901",16,2.2,46,6.4,77,10.8,250,35
"230902",187,7.7,117,4.8,204,8.4,647,26.6
"230903",48,5.1,51,5.4,97,10.3,263,28
"230904",7,1.9,16,4.3,18,4.8,129,34.3
"230905",53,4.9,82,7.6,64,6,383,35.7
"230906",19,1.7,63,5.7,55,5,299,27.2
"230908",8,1.1,73,9.9,36,4.9,241,32.6
"231901",24,4.3,32,5.8,44,7.9,110,19.8
"231902",21,6.8,9,2.9,22,7.1,76,24.6
"232901",19,4.2,67,14.7,23,5.1,148,32.5
"232902",35,7.5,45,9.6,49,10.5,167,35.8
"232903",426,9.6,449,10.1,449,10.1,1223,27.4
"232904",9,3.8,9,3.8,26,10.9,109,45.8
"233901",1770,16.8,1001,9.5,963,9.1,3405,32.2
"233903",8,3.8,14,6.6,19,9,75,35.4
"234801",0,0,1,1,16,15.7,24,23.5
"234902",73,3.4,132,6.1,176,8.1,572,26.3
"234903",22,2.2,98,9.9,119,12.1,270,27.4
"234904",127,11.5,54,4.9,113,10.2,332,30.1
"234905",49,9.2,38,7.2,53,10,163,30.7
"234906",157,6.5,156,6.4,250,10.3,822,34
"234907",187,7.7,150,6.2,257,10.6,642,26.6
"234909",14,3.1,53,11.8,43,9.6,113,25.1
"235901",153,17.7,36,4.2,107,12.4,284,32.8
"235902",838,5.9,493,3.5,1477,10.4,3045,21.4
"235904",4,3.4,16,13.8,8,6.9,0,0
"236801",0,0,0,0,31,29.8,104,100
"236802",2,1.4,0,0,2,1.4,0,0
"236901",46,4.3,69,6.5,85,8,354,33.2
"236902",848,10.3,327,4,594,7.2,2697,32.7
"237902",410,25.7,126,7.9,127,8,521,32.7
"237904",1983,27.8,387,5.4,467,6.6,1781,25
"237905",943,39.1,68,2.8,206,8.5,843,35
"238902",198,8.5,98,4.2,200,8.6,539,23.3
"238904",0,0,0,0,12,7.4,73,45.1
"239901",600,12,298,5.9,615,12.3,1412,28.2
"239903",21,4.6,18,4,47,10.3,136,29.9
"240801",113,35.8,0,0,33,10.4,89,28.2
"240901",13566,56.5,1880,7.8,1954,8.1,6536,27.2
"240903",17628,40.8,5555,12.9,3658,8.5,15358,35.5
"240904",15,5.6,1,0.4,28,10.4,82,30.4
"241901",70,6.3,65,5.8,70,6.3,341,30.6
"241902",43,4.5,54,5.7,68,7.2,314,33.1
"241903",450,12.3,294,8,316,8.6,1234,33.7
"241904",225,10.8,124,6,181,8.7,488,23.5
"241906",70,13.5,31,6,27,5.2,145,28
"242902",16,3.8,6,1.4,47,11.1,116,27.4
"242903",90,19.4,1,0.2,42,9,154,33.1
"242905",7,8.3,0,0,8,9.5,22,26.2
"242906",1,0.7,1,0.7,15,11.1,38,28.1
"243901",43,1.3,176,5.4,344,10.6,842,26
"243902",4,1,23,5.6,51,12.3,103,24.9
"243903",11,0.6,118,6.4,203,11.1,461,25.2
"243905",1077,7.7,717,5.1,1651,11.7,3121,22.2
"243906",24,2.3,73,6.9,123,11.6,293,27.7
"244901",0,0,19,16.7,17,14.9,24,21.1
"244903",208,10.5,88,4.4,239,12,467,23.5
"244905",1,0.5,20,9.3,16,7.5,59,27.6
"245901",57,13.9,47,11.5,36,8.8,123,30
"245902",142,9.2,114,7.4,122,7.9,466,30
"245903",147,7.1,145,7,183,8.8,508,24.4
"245904",26,9.9,6,2.3,29,11.1,115,43.9
"246801",57,3.6,0,0,111,7,77,4.8
"246802",8,2.6,3,1,20,6.6,0,0
"246902",231,22.1,46,4.4,108,10.3,316,30.2
"246904",1741,15.1,773,6.7,1144,9.9,3342,29
"246905",49,11,18,4,37,8.3,153,34.2
"246906",841,11.7,326,4.5,884,12.2,1796,24.9
"246907",225,13.3,92,5.4,174,10.2,456,26.9
"246908",136,3.4,159,4,327,8.1,1098,27.4
"246909",5236,10.7,4496,9.2,4536,9.3,12914,26.4
"246911",435,13.6,188,5.9,324,10.2,807,25.3
"246912",16,2.3,53,7.6,66,9.5,176,25.3
"246913",2322,6,8263,21.2,4264,11,7107,18.3
"246914",9,5.5,17,10.3,9,5.5,8,4.8
"247901",243,6.1,279,7,363,9,1309,32.6
"247903",153,4.6,161,4.8,326,9.7,1219,36.3
"247904",46,5.5,71,8.6,92,11.1,241,29
"247906",37,4.5,91,11,117,14.1,227,27.3
"248901",229,16.2,32,2.3,122,8.6,338,23.9
"248902",15,3.5,24,5.5,29,6.7,172,39.7
"249901",31,4.4,65,9.2,74,10.5,226,31.9
"249902",42,3.2,57,4.3,98,7.4,436,32.9
"249903",633,30.7,93,4.5,189,9.2,481,23.3
"249904",52,8.6,43,7.1,57,9.4,157,26
"249905",502,15,265,7.9,376,11.3,829,24.8
"249906",32,2.7,124,10.4,119,10,378,31.8
"249908",29,12,11,4.5,16,6.6,70,28.9
"250902",11,1.6,61,8.9,78,11.4,254,37
"250903",168,10.4,61,3.8,144,8.9,437,27.1
"250904",50,4.5,62,5.6,117,10.5,315,28.2
"250905",42,10.7,29,7.4,30,7.6,164,41.6
"250906",13,1.5,52,5.9,94,10.6,280,31.7
"250907",100,6.6,54,3.6,140,9.2,377,24.8
"251901",279,16.6,66,3.9,98,5.8,589,35
"251902",56,12.5,46,10.3,34,7.6,148,33.1
"252901",275,11.5,45,1.9,240,10,793,33
"252902",4,1.7,9,3.9,20,8.7,87,37.7
"252903",28,4.1,30,4.4,91,13.5,231,34.2
"253901",971,27.7,249,7.1,359,10.2,1068,30.5
"254901",54,2.8,123,6.3,200,10.3,405,20.8
"254902",18,3.8,20,4.3,43,9.2,149,31.8
